   1.50    19.96
   1.53     0.0472
   1.56     0.0390
   2.25     0.0538
   2.38    0.0455
   2.43     0.0514
   2.63     0.0520
   2.66     0.0485
   2.91     0.0484
   5.1     0.0886
  5.15     0.0584
  5.68     0.0508
  5.96    0.0526
  7.76    0.0407
  9.41     0.0354
  9.46    0.0443
  9.81     0.0632
  9.86     0.0466
  11.16     0.0455
  11.53     0.0515
  11.56     0.0520
  11.60     0.0833
  11.68     0.0555
  11.93     0.0466
  11.95     0.0537
  12.00     0.0484
  12.3     0.0437
  12.36    0.0444
  12.45     0.0437
  12.53     0.0473
  12.55    0.0384
  12.58     0.0566
  13.85     0.141
  13.86     0.167
  13.91     0.090
  14.016     11.580
  14.61     0.0603
  15.56     0.0438
  23.68    0.0438
  23.73     0.1821
  23.75     0.0554
  23.78     0.0665
  24.38    0.0473
  24.46     0.0549
  24.76     0.0750
  25.13     0.0987
  25.66     0.0620
  25.76     0.0591
  25.78     0.404
  27.63     0.414
  27.65     8.8107
  29.00     0.0378
  29.016    0.0372
  29.61     0.0436
  29.63     0.0507
  29.65    0.0431
  29.66     0.0436
  30.71     0.0443
  30.86     0.0502
  30.90    0.0478
  31.46     0.0448
  32.16     0.0561
  34.70    0.0514
  34.75     0.0490
  35.00     0.0431
  35.40     0.201
  35.75     0.534
  36.41     0.1418